Stem_Pathlength_(um) basic 37.6488792347 15.1855329718
IBF_pathlength_(um) basic 20.9918219626 169.677831658 19.7094803304 91.5337789217 28.5092465935 103.16710631 53.5775515337 106.578447469 70.025643 25.0204397504 73.9419375492 23.112288954 128.894194023 104.79894657 68.0611274114 43.6805211333 115.957434321 11.5551915825 116.089592156
Terminal_Pathlength_(um) basic 67.6487611194 42.1065041604 178.589961059 119.229591068 41.0983336291 43.5609269205 130.344871894 184.36934537 30.7530472966 26.000831665 36.1636136962 13.7218295869 83.2152502897 58.2137347455 33.9015879088 49.2806113869 52.3120912865 141.013131178 76.2661080613 71.1564265751 80.4811525214 138.993592197 92.5005367553
All_Pathlength_(um) basic 92.5005367553 138.993592197 116.089592156 80.4811525214 71.1564265751 76.2661080613 11.5551915825 115.957434321 43.6805211333 141.013131178 52.3120912865 49.2806113869 68.0611274114 104.79894657 33.9015879088 58.2137347455 128.894194023 23.112288954 37.6488792347 83.2152502897 13.7218295869 36.1636136962 73.9419375492 26.000831665 30.7530472966 25.0204397504 70.025643 106.578447469 184.36934537 53.5775515337 130.344871894 43.5609269205 41.0983336291 103.16710631 28.5092465935 119.229591068 91.5337789217 19.7094803304 178.589961059 42.1065041604 67.6487611194 169.677831658 20.9918219626 15.1855329718
Stem_Diameter_(um) basic 3.6 3.6
IBF_Diameter_(um) basic 1.8 1.8 2.7 1.8 1.8 1.8 1.8 1.8 1.8 1.8 1.8 1.8 1.8 1.8 1.8 1.8 1.8 1.8 1.8
Terminal_Diameter_(um) basic 1.8 1.8 1.8 1.8 1.8 1.8 1.8 1.8 1.8 1.8 1.8 1.8 1.8 1.8 1.35 1.35 1.8 1.8 1.8 1.8 1.8 1.8 1.8
Compartment_Diameter_(um) basic 3.6 3.6 1.8 1.8 1.8 1.8 1.8 1.8 1.8 1.8 1.8 1.8 1.8 1.8 1.8 1.8 1.8 1.8 1.8 1.8 1.8 1.8 1.8 1.8 1.8 1.8 1.8 1.8 1.8 1.8 1.8 1.8 1.8 1.8 1.8 1.8 1.8 1.8 1.8 1.8 1.8 1.8 1.8 1.8 1.8 1.8 1.8 1.8 1.8 1.8 1.8 1.8 1.8 1.8 1.8 1.8 1.8 1.8 1.8 1.8 1.8 1.8 1.8 1.8 1.8 1.8 1.8 1.8 1.8 2.7 2.25 1.8 2.25 1.8 1.8 1.8 1.8 1.8 1.8 1.8 1.8 1.8 1.8 1.8 1.8 1.8 1.8 1.8 1.8 1.8 1.8 1.8 1.8 1.8 1.8 1.8 1.8 1.8 1.8 1.8 1.8 1.8 1.8 1.8 1.8 1.8 1.8 1.8 1.8 1.8 1.8 1.8 1.8 1.8 1.8 1.8 1.8 1.8 1.8 1.8 1.8 1.8 1.8 1.8 1.8 1.8 1.8 1.8 1.8 1.8 1.8 1.8 1.8 1.8 1.8 1.8 1.8 1.8 1.8 1.8 1.8 1.8 1.8 1.8 1.8 1.8 1.8 1.8 1.8 1.8 1.8 1.8 1.8 1.8 1.8 1.8 1.8 1.8 1.8 1.8 1.8 1.8 1.35 1.35 1.8 1.8 1.8 1.8 1.8 1.8 1.8 1.8 1.8 1.8 1.8 1.8 1.8 1.8 1.8 1.8 1.8 1.8 1.8 1.8 1.8 1.8 1.8 1.8 1.8 1.8 1.8 1.8 1.8 1.8 1.8 1.8 1.8 1.8 1.8 1.8 1.8 1.8 1.8 1.8 1.8 1.8 1.8 1.8 1.8 1.8 1.8 1.8 1.8 1.8 1.8 1.8 1.8 1.8 1.8 1.8 1.8 1.8 1.8 1.8 1.8 1.8 1.8 1.8 1.8 1.8 1.8 1.8 1.8 1.8 1.8 1.8 1.8 1.8 1.8 1.8 1.8 1.8 1.8 1.8 1.8 1.8 1.8 1.8 1.8 1.8 1.8 1.8 1.8 1.8 1.8 1.8 1.8 1.8 1.8 1.8 1.8 1.8 3.6 2.7 2.25 2.25 1.8 1.8 1.8 1.8 1.8 1.8 1.8 1.8 1.8 1.8 1.8 1.8 1.8 1.8 1.8 1.8 1.8 1.8 1.8 1.8 1.8 1.8 1.8 1.8 1.8 1.8 1.8 1.8 1.8 1.8 1.35 1.35 1.35 1.35 1.35 1.35 1.35 1.35 1.8 1.8 1.8 1.8 1.8 1.8 1.8 1.8 1.8 1.8 1.8 1.8 1.8 1.8 1.8 1.8 1.8 1.8 1.8 1.8 1.8 1.35 1.35 1.35 1.35 1.35 1.35 1.35 1.35 1.8 1.8 1.8 1.8 1.8 1.8 1.8 1.8 1.8 1.8 1.8 1.8 1.8 1.8 1.8 1.8 1.8 1.8 1.8 1.8 1.8 1.8 1.8 1.8 1.8 1.8 1.8 1.8 1.8 1.8 1.8 1.8 1.8 1.8 1.8 1.8 1.8 1.8 1.8 1.8 1.8 1.8 1.8 1.8 1.8 1.8 1.8 1.8 1.8 1.8 1.8 1.8 1.8 1.8 1.8 1.8 1.8 1.8 1.8 1.8 1.8 1.8 1.8 1.8 1.8 1.8 1.8 1.8 1.8 1.8 1.8 1.8 1.8 1.8 1.8 1.8 1.8 1.8 1.8 1.8 1.8 1.8 1.8 1.8 1.8 1.8 1.8 1.8 1.8 1.8 1.8 1.8 1.8 1.8 1.8 1.8 1.8 1.8 1.8 1.8 1.8 1.8 1.8 1.8 1.8 1.8 1.8 1.8 1.8 1.8 1.8 1.8 1.8 1.8 1.8 1.8 1.8 1.8 1.8 1.8 1.8 1.8 1.8 1.8
Post-bifurcation_Diameter_1_(um) basic 2.7 1.8 1.8 1.8 1.8 1.8 1.8 1.8 1.8 1.8 1.8 1.8 1.8 1.8 1.8 1.8 1.8 1.8 1.8 1.8 1.8
IBF_Taper basic 0.0 0.0 0.166666666667 0.0 0.0 0.0 0.0 0.0 0.0 0.0 0.0 0.0 0.0 0.0 0.0 0.0 0.0 0.0 0.0
Terminal_Taper basic 0.0 0.0 0.0 0.0 0.0 0.0 0.25 0.0 0.0 0.0 0.0 0.0 0.0 0.0 0.0 0.0 0.0 0.0 0.0 0.0 0.0 0.0 0.0
Daughter_Ratio basic 1.5 1.0 1.0 1.0 1.0 1.0 1.0 1.0 1.0 1.0 1.0 1.0 1.0 1.0 1.33333333333 1.0 1.33333333333 1.0 1.0 1.0 1.0
Parent_Daughter_Ratio basic 0.75 1.0 1.0 0.8 1.0 1.0 1.0 1.0 1.0 1.0 1.0 1.0 0.8 1.0 1.0 1.0 1.0 1.0 1.0 1.0 1.0
Bifurcation_Amplitude_(deg) basic 82.167131611 42.0118248522 16.6088603604 48.4125493211 26.4332277959 35.9987876223 49.3909044627 44.0883723724 45.0170885847 85.1985118691 24.0146911254 63.497780732 82.2274769949 39.6657575879 21.852625121 18.9084483904 34.676827087 29.9069758279 29.7117429299 12.0867160072 28.7637227752
Elevation_(deg) basic 11.4451268366 5.93176235594 18.1022550354 0.834769132874 -35.7157771796 -12.2133799344 2.24737017461 -3.55278002009 3.78969528167 11.9538621818 110.829501405 -67.5569437802 16.5965247488 5.61487042772 0.153934254914 22.0720019105 -6.66126164133 -2.44872713653 -6.49098232952
Azimuth_(deg) basic -0.619410495478 6.42337455157 28.3581480091 -69.3880240715 163.356480602 -30.7551356264 0.260884349085 -19.0262293313 -33.6590045048 -42.6466548058 82.8632012465 55.5712259775 -71.466555805 5.13478782982 123.184690282 115.099308811 -161.25407199 -64.5540500117 132.381674456
Orientation_(deg) basic 15.3461638946 5.77662918158 -13.7606590491 -17.8328810635 19.5475078955 16.2992105398 -20.8502678409 -5.39076408552 30.2856912141 -9.63273512236 -11.6042201392 -11.7038050223 13.4216329188 5.89397917938 1.45497779482 29.5842311054 7.0600576954 -11.0379754791 -11.5033247179
Terminal_Euclidean_to_soma_(um) conditional 247.168240274 219.498528924 194.471321536 211.59818761 234.502575892 237.742632693 216.846439214 243.119670327 265.138868708 266.646814532 315.619350959 312.219033533 251.329316436 200.104471964 181.832879865 240.99045811 238.569085382 267.033747118 236.586179013 231.001697396 226.865170972 296.87633385 255.491247991
IBF_Euclidean_to_soma_(um) conditional 14.8277779859 29.2509726334 183.385667106 31.9028979875 110.206370506 121.280178512 202.133618678 78.6373225638 178.032254943 240.572153002 252.529865758 301.286055602 28.8093769457 38.7451506643 152.377713594 136.016710003 198.678964412 57.5700772972 157.450000318 164.57719435 167.147768756
Pre-bifurcation_Diameter_(um) conditional 3.6 1.8 1.8 2.25 1.8 1.8 1.8 1.8 1.8 1.8 1.8 1.8 2.25 1.8 1.8 1.8 1.8 1.8 1.8 1.8 1.8
Pre-bifurcation_Pathlength_(um) conditional 15.1855329718 20.9918219626 169.677831658 19.7094803304 91.5337789217 28.5092465935 103.16710631 53.5775515337 106.578447469 70.025643 25.0204397504 73.9419375492 37.6488792347 23.112288954 128.894194023 104.79894657 68.0611274114 43.6805211333 115.957434321 11.5551915825 116.089592156
Total_Dendritic_Length_(um) emergent 3218.63883381
Branch_Order emergent 3 3 2 3 4 4 3 2 1 3 4 4 3 2 3 3 2 1 0 4 6 6 5 6 6 5 4 3 3 2 4 5 5 4 3 3 2 1 2 3 3 2 1 0
Number_of_Bifurcations emergent 21
Total_Surface_Area_(um^2) emergent 17638.9903076
Major_axis_(um) emergent 511.19
Minor_axis_(um) emergent 171.19
sholl_bins emergent 50 100 150 200 250 300 350 400 450 500
sholl_counts emergent [7, 9, 12, 17, 6, 1, 0, 0, 0, 0]
