Stem_Pathlength_(um) basic 294.0 294.0 363.0 363.0 316.0 316.0 316.0 259.0 353.0 450.0 275.0 275.0 275.0 390.0 373.0 296.0 296.0 361.0 361.0 329.0 329.000000001 293.0 359.0 359.0 359.0 391.0 329.0 429.0 402.0 263.0 282.0 282.0 221.0 308.0 308.0 308.0 361.0 360.000000001 360.0 360.0 363.0 347.0 347.0 414.0 414.0 375.0 271.0 271.0 387.0 387.0 454.0 454.0 453.999999999 326.0 326.0 305.0 305.0 305.0 346.0 346.0 346.000000001 326.0 326.0 326.0 302.0 289.0 412.0 423.0 423.0 423.0 273.0 273.0 273.0 350.0 404.0 404.0 314.0 260.0 260.0 260.0 322.0 322.000000001 322.0 365.0 462.0 462.0 462.0 330.0 330.0 367.0 367.0 355.0 355.0
IBF_pathlength_GCL_(um) basic 
IBF_pathlength_IML_(um) basic 
IBF_pathlength_MML_(um) basic 
IBF_pathlength_OML_(um) basic 
Terminal_Pathlength_GCL_(um) basic 294.0 294.0 363.0 363.0 316.0 316.0 316.0 259.0 353.0 450.0 275.0 275.0 275.0 390.0 373.0 296.0 296.0 361.0 361.0 329.000000001 329.0 293.0 359.0 359.0 359.0 391.0 329.0 429.0 402.0 263.0 282.0 282.0 221.0 308.0 308.0 308.0 361.0 360.0 360.0 360.000000001 363.0 347.0 347.0 414.0 414.0 375.0 271.0 271.0 387.0 387.0 453.999999999 454.0 454.0 326.0 326.0 305.0 305.0 305.0 346.000000001 346.0 346.0 326.0 326.0 326.0 302.0 289.0 412.0 423.0 423.0 423.0 273.0 273.0 273.0 350.0 404.0 404.0 314.0 260.0 260.0 260.0 322.0 322.000000001 322.0 365.0 462.0 462.0 462.0 330.0 330.0 367.0 367.0 355.0 355.0
Terminal_Pathlength_IML_(um) basic 
Terminal_pathlength_MML_(um) basic 
Terminal_pathlength_OML_(um) basic 
All_Pathlength_(um) basic 294.0 294.0 363.0 363.0 316.0 316.0 316.0 259.0 353.0 450.0 275.0 275.0 275.0 390.0 373.0 296.0 296.0 361.0 361.0 329.0 329.000000001 293.0 359.0 359.0 359.0 391.0 329.0 429.0 402.0 263.0 282.0 282.0 221.0 308.0 308.0 308.0 361.0 360.000000001 360.0 360.0 363.0 347.0 347.0 414.0 414.0 375.0 271.0 271.0 387.0 387.0 454.0 454.0 453.999999999 326.0 326.0 305.0 305.0 305.0 346.0 346.0 346.000000001 326.0 326.0 326.0 302.0 289.0 412.0 423.0 423.0 423.0 273.0 273.0 273.0 350.0 404.0 404.0 314.0 260.0 260.0 260.0 322.0 322.000000001 322.0 365.0 462.0 462.0 462.0 330.0 330.0 367.0 367.0 355.0 355.0
Bifurcation_Amplitude_Remote(deg) basic 
Elevation_Remote(deg) basic 
Azimuth_Remote(deg) basic 
Orientation_Remote(deg) basic 
Bifurcation_Amplitude_Local(deg) basic 
Elevation_Local(deg) basic 
Azimuth_Local(deg) basic 
Orientation_Local(deg) basic 
x_coordinate conditional 
z_coordinate conditional 
Total_Dendritic_Length_(um) emergent 588.0 726.0 948.0 259.0 353.0 450.0 825.0 390.0 373.0 592.0 722.0 658.000000001 293.0 1077.0 391.0 329.0 429.0 402.0 263.0 564.0 221.0 924.0 361.0 1080.0 363.0 694.0 828.0 375.0 542.0 774.0 1362.0 652.0 915.0 1038.0 978.0 302.0 289.0 412.0 1269.0 819.0 350.0 808.0 314.0 780.000000001 966.000000001 365.0 1386.0 660.0 734.0 710.0
Branch_Order emergent 0 0 0 0 0 0 0 0 0 0 0 0 0 0 0 0 0 0 0 0 0 0 0 0 0 0 0 0 0 0 0 0 0 0 0 0 0 0 0 0 0 0 0 0 0 0 0 0 0 0 0 0 0 0 0 0 0 0 0 0 0 0 0 0 0 0 0 0 0 0 0 0 0 0 0 0 0 0 0 0 0 0 0 0 0 0 0 0 0 0 0 0 0
Number_of_Bifurcations emergent 0 0 0 0 0 0 0 0 0 0 0 0 0 0 0 0 0 0 0 0 0 0 0 0 0 0 0 0 0 0 0 0 0 0 0 0 0 0 0 0 0 0 0 0 0 0 0 0 0 0
Major_axis_(um) emergent 240.480726485 277.210807741 208.219673224 0 0 0 193.328241425 0 0 226.300830684 238.350826578 259.342699539 0 207.969564694 0 0 0 0 0 225.041957091 0 209.53166404 0 223.276567426 0 200.742364999 280.237737558 0 205.869132071 241.422983587 314.134677085 243.7915752 206.945315692 240.65204338 221.167584149 0 0 0 283.537156136 186.697464836 0 286.506520642 0 170.735539662 213.019585245 0 315.287785562 250.920249288 252.612738291 237.649366721
Minor_axis_(um) emergent 0.169061515188 1.73066350923 177.149483038 0 0 0 160.297276918 0 0 0.379237322612 1.63797222572 1.82677427032 0 171.414614512 0 0 0 0 0 0.239566670905 0 175.030329419 0 189.659235243 0 0.833313445738 0.998626199572 0 0.718889080819 0.230122482446 264.753599066 1.55065468506 176.256143975 204.717740516 189.783807295 0 0 0 242.018155146 157.290420188 0 1.88735311613 0 145.589183197 182.860660569 0 266.837061686 1.36722647266 1.56541351389 2.01608126118
sholl_bins emergent 50 100 150 200 250 300 350 400 450 500
sholl_counts emergent [2, 2, 2, 2, 2, 0, 0, 0, 0, 0] [2, 2, 2, 2, 2, 2, 2, 0, 0, 0] [3, 3, 3, 3, 3, 3, 0, 0, 0, 0] [1, 1, 1, 1, 1, 0, 0, 0, 0, 0] [1, 1, 1, 1, 1, 1, 1, 0, 0, 0] [1, 1, 1, 1, 1, 1, 1, 1, 0, 0] [3, 3, 3, 3, 3, 0, 0, 0, 0, 0] [1, 1, 1, 1, 1, 1, 1, 0, 0, 0] [1, 1, 1, 1, 1, 1, 1, 0, 0, 0] [2, 2, 2, 2, 2, 0, 0, 0, 0, 0] [2, 2, 2, 2, 2, 2, 2, 0, 0, 0] [2, 2, 2, 2, 2, 2, 0, 0, 0, 0] [1, 1, 1, 1, 1, 0, 0, 0, 0, 0] [3, 3, 3, 3, 3, 3, 0, 0, 0, 0] [1, 1, 1, 1, 1, 1, 1, 0, 0, 0] [1, 1, 1, 1, 1, 1, 0, 0, 0, 0] [1, 1, 1, 1, 1, 1, 1, 1, 0, 0] [1, 1, 1, 1, 1, 1, 1, 1, 0, 0] [1, 1, 1, 1, 1, 0, 0, 0, 0, 0] [2, 2, 2, 2, 2, 0, 0, 0, 0, 0] [1, 1, 1, 1, 0, 0, 0, 0, 0, 0] [3, 3, 3, 3, 3, 3, 0, 0, 0, 0] [1, 1, 1, 1, 1, 1, 1, 0, 0, 0] [3, 3, 3, 3, 3, 3, 3, 0, 0, 0] [1, 1, 1, 1, 1, 1, 1, 0, 0, 0] [2, 2, 2, 2, 2, 2, 0, 0, 0, 0] [2, 2, 2, 2, 2, 2, 2, 2, 0, 0] [1, 1, 1, 1, 1, 1, 1, 0, 0, 0] [2, 2, 2, 2, 2, 0, 0, 0, 0, 0] [2, 2, 2, 2, 2, 2, 2, 0, 0, 0] [3, 3, 3, 3, 3, 3, 3, 3, 1, 0] [2, 2, 2, 2, 2, 2, 0, 0, 0, 0] [3, 3, 3, 3, 3, 3, 0, 0, 0, 0] [3, 3, 3, 3, 3, 3, 0, 0, 0, 0] [3, 3, 3, 3, 3, 3, 0, 0, 0, 0] [1, 1, 1, 1, 1, 1, 0, 0, 0, 0] [1, 1, 1, 1, 1, 0, 0, 0, 0, 0] [1, 1, 1, 1, 1, 1, 1, 1, 0, 0] [3, 3, 3, 3, 3, 3, 3, 3, 0, 0] [3, 3, 3, 3, 3, 0, 0, 0, 0, 0] [1, 1, 1, 1, 1, 1, 0, 0, 0, 0] [2, 2, 2, 2, 2, 2, 2, 0, 0, 0] [1, 1, 1, 1, 1, 1, 0, 0, 0, 0] [3, 3, 3, 3, 3, 0, 0, 0, 0, 0] [3, 3, 3, 3, 3, 3, 0, 0, 0, 0] [1, 1, 1, 1, 1, 1, 1, 0, 0, 0] [3, 3, 3, 3, 3, 3, 3, 3, 3, 0] [2, 2, 2, 2, 2, 2, 0, 0, 0, 0] [2, 2, 2, 2, 2, 2, 2, 0, 0, 0] [2, 2, 2, 2, 2, 2, 0, 0, 0, 0]
