Stem_Pathlength_(um) basic 315.0 339.0 399.0 332.0 332.0 332.0 399.0 399.000000001 379.0 335.0 335.0 288.0 335.0 335.0 413.0 300.0 300.0 300.0 318.0 318.0 318.0 414.0 414.0 383.0 383.0 383.0 403.0 403.0 403.0 380.0 380.0 380.0 351.0 351.0 351.0 498.0 498.0 265.0 265.0 265.0 342.0 333.0 380.0 380.0 380.0 370.0 347.0 311.0 311.0 365.0 365.0 386.0 377.0 377.0 377.0 342.0 351.0 341.0 341.0 430.0 346.0 346.0 346.0 423.0 423.0 428.0 428.0 428.000000001 362.0 362.0 362.0 333.000000001 333.0 333.0 425.0 425.0 425.0 445.0 445.0 400.0 400.0 284.0 284.0 284.0 405.0 405.0 405.0 373.0 404.0 404.0 404.0 320.0 320.0 312.0 312.0 312.0 312.0 302.0 310.0 310.0 310.0 415.0 415.000000001
IBF_pathlength_GCL_(um) basic 
IBF_pathlength_IML_(um) basic 
IBF_pathlength_MML_(um) basic 
IBF_pathlength_OML_(um) basic 
Terminal_Pathlength_GCL_(um) basic 315.0 339.0 399.0 332.0 332.0 332.0 399.000000001 399.0 379.0 335.0 335.0 288.0 335.0 335.0 413.0 300.0 300.0 300.0 318.0 318.0 318.0 414.0 414.0 383.0 383.0 383.0 403.0 403.0 403.0 380.0 380.0 380.0 351.0 351.0 351.0 498.0 498.0 265.0 265.0 265.0 342.0 333.0 380.0 380.0 380.0 370.0 347.0 311.0 311.0 365.0 365.0 386.0 377.0 377.0 377.0 342.0 351.0 341.0 341.0 430.0 346.0 346.0 346.0 423.0 423.0 428.000000001 428.0 428.0 362.0 362.0 362.0 333.0 333.0 333.000000001 425.0 425.0 425.0 445.0 445.0 400.0 400.0 284.0 284.0 284.0 405.0 405.0 405.0 373.0 404.0 404.0 404.0 320.0 320.0 312.0 312.0 312.0 312.0 302.0 310.0 310.0 310.0 415.000000001 415.0
Terminal_Pathlength_IML_(um) basic 
Terminal_pathlength_MML_(um) basic 
Terminal_pathlength_OML_(um) basic 
All_Pathlength_(um) basic 315.0 339.0 399.0 332.0 332.0 332.0 399.0 399.000000001 379.0 335.0 335.0 288.0 335.0 335.0 413.0 300.0 300.0 300.0 318.0 318.0 318.0 414.0 414.0 383.0 383.0 383.0 403.0 403.0 403.0 380.0 380.0 380.0 351.0 351.0 351.0 498.0 498.0 265.0 265.0 265.0 342.0 333.0 380.0 380.0 380.0 370.0 347.0 311.0 311.0 365.0 365.0 386.0 377.0 377.0 377.0 342.0 351.0 341.0 341.0 430.0 346.0 346.0 346.0 423.0 423.0 428.0 428.0 428.000000001 362.0 362.0 362.0 333.000000001 333.0 333.0 425.0 425.0 425.0 445.0 445.0 400.0 400.0 284.0 284.0 284.0 405.0 405.0 405.0 373.0 404.0 404.0 404.0 320.0 320.0 312.0 312.0 312.0 312.0 302.0 310.0 310.0 310.0 415.0 415.000000001
Bifurcation_Amplitude_Remote(deg) basic 
Elevation_Remote(deg) basic 
Azimuth_Remote(deg) basic 
Orientation_Remote(deg) basic 
Bifurcation_Amplitude_Local(deg) basic 
Elevation_Local(deg) basic 
Azimuth_Local(deg) basic 
Orientation_Local(deg) basic 
x_coordinate conditional 
z_coordinate conditional 
Total_Dendritic_Length_(um) emergent 315.0 339.0 399.0 996.0 798.0 379.0 670.0 288.0 670.000000001 413.0 899.999999999 954.0 828.0 1149.0 1209.0 1140.0 1053.0 996.0 795.0 342.0 333.0 1140.0 370.0 347.0 622.0 730.0 386.0 1131.0 342.0 351.0 682.0 430.0 1038.0 846.0 1284.0 1086.0 999.000000001 1275.0 890.0 800.0 852.0 1215.0 373.0 1212.0 640.0 936.0 312.0 302.0 930.0 830.000000001
Branch_Order emergent 0 0 0 0 0 0 0 0 0 0 0 0 0 0 0 0 0 0 0 0 0 0 0 0 0 0 0 0 0 0 0 0 0 0 0 0 0 0 0 0 0 0 0 0 0 0 0 0 0 0 0 0 0 0 0 0 0 0 0 0 0 0 0 0 0 0 0 0 0 0 0 0 0 0 0 0 0 0 0 0 0 0 0 0 0 0 0 0 0 0 0 0 0 0 0 0 0 0 0 0 0 0 0
Number_of_Bifurcations emergent 0 0 0 0 0 0 0 0 0 0 0 0 0 0 0 0 0 0 0 0 0 0 0 0 0 0 0 0 0 0 0 0 0 0 0 0 0 0 0 0 0 0 0 0 0 0 0 0 0 0
Major_axis_(um) emergent 0 0 0 231.144845885 190.680025675 0 200.466057772 0 265.766314372 0 202.943450831 216.392067723 212.735595638 255.336021787 263.824225276 246.618397969 243.596392001 385.59115531 175.980472996 0 0 263.641138952 0 0 242.853745681 293.713704409 0 263.54533761 0 0 212.252064138 0 244.627115957 314.574898875 267.134903669 184.780804989 224.895177821 299.60400813 297.003737293 280.101715945 178.521598396 275.23667558 0 276.639154368 259.776683764 213.052776356 0 0 220.685901744 327.266580356
Minor_axis_(um) emergent 0 0 0 196.232916436 1.3253198275 0 1.69045965616 0 0.825551709329 0 166.562010943 170.219726279 1.22269578268 215.934467805 220.373819768 207.260019776 205.614764198 2.13694003486 147.926343731 0 0 221.513818735 0 0 1.18463535724 0.849395510839 0 212.670279145 0 0 1.45802228924 0 205.188699707 2.44434269063 225.399148606 148.633434075 191.717098094 247.595798374 1.71185217369 1.47133056289 150.637303474 231.952771433 0 235.496487423 0.0776973320063 179.89164954 0 0 186.878718523 0.407309925188
sholl_bins emergent 50 100 150 200 250 300 350 400 450 500
sholl_counts emergent [1, 1, 1, 1, 1, 1, 0, 0, 0, 0] [1, 1, 1, 1, 1, 1, 0, 0, 0, 0] [1, 1, 1, 1, 1, 1, 1, 0, 0, 0] [3, 3, 3, 3, 3, 3, 0, 0, 0, 0] [2, 2, 2, 2, 2, 2, 2, 0, 0, 0] [1, 1, 1, 1, 1, 1, 1, 0, 0, 0] [2, 2, 2, 2, 2, 2, 0, 0, 0, 0] [1, 1, 1, 1, 1, 0, 0, 0, 0, 0] [2, 2, 2, 2, 2, 2, 0, 0, 0, 0] [1, 1, 1, 1, 1, 1, 1, 1, 0, 0] [3, 3, 3, 3, 3, 0, 0, 0, 0, 0] [3, 3, 3, 3, 3, 3, 0, 0, 0, 0] [2, 2, 2, 2, 2, 2, 2, 0, 0, 0] [3, 3, 3, 3, 3, 3, 3, 0, 0, 0] [3, 3, 3, 3, 3, 3, 3, 0, 0, 0] [3, 3, 3, 3, 3, 3, 3, 0, 0, 0] [3, 3, 3, 3, 3, 3, 0, 0, 0, 0] [2, 2, 2, 2, 2, 2, 2, 2, 2, 0] [3, 3, 3, 3, 3, 0, 0, 0, 0, 0] [1, 1, 1, 1, 1, 1, 0, 0, 0, 0] [1, 1, 1, 1, 1, 1, 0, 0, 0, 0] [3, 3, 3, 3, 3, 3, 3, 0, 0, 0] [1, 1, 1, 1, 1, 1, 1, 0, 0, 0] [1, 1, 1, 1, 1, 1, 0, 0, 0, 0] [2, 2, 2, 2, 2, 2, 0, 0, 0, 0] [2, 2, 2, 2, 2, 2, 2, 0, 0, 0] [1, 1, 1, 1, 1, 1, 1, 0, 0, 0] [3, 3, 3, 3, 3, 3, 3, 0, 0, 0] [1, 1, 1, 1, 1, 1, 0, 0, 0, 0] [1, 1, 1, 1, 1, 1, 1, 0, 0, 0] [2, 2, 2, 2, 2, 2, 0, 0, 0, 0] [1, 1, 1, 1, 1, 1, 1, 1, 0, 0] [3, 3, 3, 3, 3, 3, 0, 0, 0, 0] [2, 2, 2, 2, 2, 2, 2, 2, 0, 0] [3, 3, 3, 3, 3, 3, 3, 3, 0, 0] [3, 3, 3, 3, 3, 3, 0, 0, 0, 0] [3, 3, 3, 3, 3, 3, 0, 0, 0, 0] [3, 3, 3, 3, 3, 3, 3, 3, 0, 0] [2, 2, 2, 2, 2, 2, 2, 2, 0, 0] [2, 2, 2, 2, 2, 2, 2, 0, 0, 0] [3, 3, 3, 3, 3, 0, 0, 0, 0, 0] [3, 3, 3, 3, 3, 3, 3, 2, 0, 0] [1, 1, 1, 1, 1, 1, 1, 0, 0, 0] [3, 3, 3, 3, 3, 3, 3, 3, 0, 0] [2, 2, 2, 2, 2, 2, 0, 0, 0, 0] [3, 3, 3, 3, 3, 3, 0, 0, 0, 0] [1, 1, 1, 1, 1, 1, 0, 0, 0, 0] [1, 1, 1, 1, 1, 1, 0, 0, 0, 0] [3, 3, 3, 3, 3, 3, 0, 0, 0, 0] [2, 2, 2, 2, 2, 2, 2, 2, 0, 0]
