Stem_Pathlength_(um) basic 342.0 342.0 342.0 387.0 387.0 363.0 363.0 396.0 396.000000001 395.999999999 387.0 387.0 387.0 363.0 363.000000001 363.0 349.0 362.0 362.0 329.0 289.0 382.0 433.0 283.0 283.0 283.0 398.0 398.0 359.0 381.0 381.0 381.000000001 388.0 388.0 388.0 302.0 302.0 378.0 378.0 378.0 434.0 427.0 427.0 427.0 416.999999999 417.0 417.0 360.0 360.0 446.0 446.0 446.0 352.0 352.0 352.000000001 354.0 354.0 251.0 350.0 350.0 330.0 330.0 330.0 362.0 362.0 362.0 297.0 297.0 340.0 414.0 353.0 353.0 353.0 338.0 338.000000001 338.0 279.0 279.0 279.0 351.0 351.0 351.0 391.0 391.0 324.0 324.0 359.0 366.0 366.0 365.999999999 366.0 366.0 387.0 387.0 381.0 341.0 341.0 341.0 357.0 357.0 412.0 359.0 359.0 359.0 333.0 333.000000001 333.0 355.0 355.0 355.0
IBF_pathlength_GCL_(um) basic 
IBF_pathlength_IML_(um) basic 
IBF_pathlength_MML_(um) basic 
IBF_pathlength_OML_(um) basic 
Terminal_Pathlength_GCL_(um) basic 342.0 342.0 342.0 387.0 387.0 363.0 363.0 395.999999999 396.000000001 396.0 387.0 387.0 387.0 363.0 363.000000001 363.0 349.0 362.0 362.0 329.0 289.0 382.0 433.0 283.0 283.0 283.0 398.0 398.0 359.0 381.000000001 381.0 381.0 388.0 388.0 388.0 302.0 302.0 378.0 378.0 378.0 434.0 427.0 427.0 427.0 417.0 417.0 416.999999999 360.0 360.0 446.0 446.0 446.0 352.000000001 352.0 352.0 354.0 354.0 251.0 350.0 350.0 330.0 330.0 330.0 362.0 362.0 362.0 297.0 297.0 340.0 414.0 353.0 353.0 353.0 338.0 338.000000001 338.0 279.0 279.0 279.0 351.0 351.0 351.0 391.0 391.0 324.0 324.0 359.0 365.999999999 366.0 366.0 366.0 366.0 387.0 387.0 381.0 341.0 341.0 341.0 357.0 357.0 412.0 359.0 359.0 359.0 333.0 333.000000001 333.0 355.0 355.0 355.0
Terminal_Pathlength_IML_(um) basic 
Terminal_pathlength_MML_(um) basic 
Terminal_pathlength_OML_(um) basic 
All_Pathlength_(um) basic 342.0 342.0 342.0 387.0 387.0 363.0 363.0 396.0 396.000000001 395.999999999 387.0 387.0 387.0 363.0 363.000000001 363.0 349.0 362.0 362.0 329.0 289.0 382.0 433.0 283.0 283.0 283.0 398.0 398.0 359.0 381.0 381.0 381.000000001 388.0 388.0 388.0 302.0 302.0 378.0 378.0 378.0 434.0 427.0 427.0 427.0 416.999999999 417.0 417.0 360.0 360.0 446.0 446.0 446.0 352.0 352.0 352.000000001 354.0 354.0 251.0 350.0 350.0 330.0 330.0 330.0 362.0 362.0 362.0 297.0 297.0 340.0 414.0 353.0 353.0 353.0 338.0 338.000000001 338.0 279.0 279.0 279.0 351.0 351.0 351.0 391.0 391.0 324.0 324.0 359.0 366.0 366.0 365.999999999 366.0 366.0 387.0 387.0 381.0 341.0 341.0 341.0 357.0 357.0 412.0 359.0 359.0 359.0 333.0 333.000000001 333.0 355.0 355.0 355.0
Bifurcation_Amplitude_Remote(deg) basic 
Elevation_Remote(deg) basic 
Azimuth_Remote(deg) basic 
Orientation_Remote(deg) basic 
Bifurcation_Amplitude_Local(deg) basic 
Elevation_Local(deg) basic 
Azimuth_Local(deg) basic 
Orientation_Local(deg) basic 
x_coordinate conditional 
z_coordinate conditional 
Total_Dendritic_Length_(um) emergent 1026.0 774.0 726.0 1188.0 1161.0 1089.0 349.0 724.0 329.0 289.0 382.0 433.0 848.999999999 796.0 359.0 1143.0 1164.0 604.0 1134.0 434.0 1281.0 1251.0 720.0 1338.0 1056.0 707.999999999 251.0 700.0 990.0 1086.0 594.0 340.0 414.0 1059.0 1014.0 837.0 1053.0 782.0 648.000000001 359.0 1098.0 732.0 773.999999999 381.0 1023.0 714.0 412.0 1077.0 999.000000001 1065.0
Branch_Order emergent 0 0 0 0 0 0 0 0 0 0 0 0 0 0 0 0 0 0 0 0 0 0 0 0 0 0 0 0 0 0 0 0 0 0 0 0 0 0 0 0 0 0 0 0 0 0 0 0 0 0 0 0 0 0 0 0 0 0 0 0 0 0 0 0 0 0 0 0 0 0 0 0 0 0 0 0 0 0 0 0 0 0 0 0 0 0 0 0 0 0 0 0 0 0 0 0 0 0 0 0 0 0 0 0 0 0 0 0 0 0
Number_of_Bifurcations emergent 0 0 0 0 0 0 0 0 0 0 0 0 0 0 0 0 0 0 0 0 0 0 0 0 0 0 0 0 0 0 0 0 0 0 0 0 0 0 0 0 0 0 0 0 0 0 0 0 0 0
Major_axis_(um) emergent 234.321920087 273.657837833 278.170112249 268.291108797 257.501569922 245.056929524 0 259.318589983 0 0 0 0 195.360967912 280.518596545 0 267.998295847 239.559715538 238.161724703 217.989747615 0 297.593241544 285.57672942 219.543221928 305.177301053 242.987045145 214.711434044 0 214.852450273 227.324439076 241.749398087 215.516549532 0 0 231.741360043 234.351569561 172.47917694 233.011630253 298.716961266 244.256313346 0 221.81235322 276.063097949 279.613293155 0 235.900926721 286.843189839 0 247.664670266 202.929096871 236.464456974
Minor_axis_(um) emergent 191.487824679 0.93086425571 0.0844550709047 228.342250842 219.167826802 204.377541213 0 0.832090262719 0 0 0 0 162.588085324 1.96405592443 0 222.447475044 203.798137251 1.52311938871 182.999628563 0 246.855023844 238.499030375 1.76106936555 257.182618632 202.401356108 1.62457451044 0 0.150415150227 194.608996514 204.884545031 0.995093818679 0 0 191.028251273 196.736838997 146.686435578 190.759429076 0.178732540033 0.0542356455248 0 188.330052398 1.96054793143 0.995231017154 0 201.539658371 0.37457991465 0 203.453558907 172.318409839 197.225299651
sholl_bins emergent 50 100 150 200 250 300 350 400 450 500
sholl_counts emergent [3, 3, 3, 3, 3, 3, 0, 0, 0, 0] [2, 2, 2, 2, 2, 2, 2, 0, 0, 0] [2, 2, 2, 2, 2, 2, 2, 0, 0, 0] [3, 3, 3, 3, 3, 3, 3, 0, 0, 0] [3, 3, 3, 3, 3, 3, 3, 0, 0, 0] [3, 3, 3, 3, 3, 3, 3, 0, 0, 0] [1, 1, 1, 1, 1, 1, 0, 0, 0, 0] [2, 2, 2, 2, 2, 2, 2, 0, 0, 0] [1, 1, 1, 1, 1, 1, 0, 0, 0, 0] [1, 1, 1, 1, 1, 0, 0, 0, 0, 0] [1, 1, 1, 1, 1, 1, 1, 0, 0, 0] [1, 1, 1, 1, 1, 1, 1, 1, 0, 0] [3, 3, 3, 3, 3, 0, 0, 0, 0, 0] [2, 2, 2, 2, 2, 2, 2, 0, 0, 0] [1, 1, 1, 1, 1, 1, 1, 0, 0, 0] [3, 3, 3, 3, 3, 3, 3, 0, 0, 0] [3, 3, 3, 3, 3, 3, 3, 0, 0, 0] [2, 2, 2, 2, 2, 0, 0, 0, 0, 0] [3, 3, 3, 3, 3, 3, 3, 0, 0, 0] [1, 1, 1, 1, 1, 1, 1, 1, 0, 0] [3, 3, 3, 3, 3, 3, 3, 3, 0, 0] [3, 3, 3, 3, 3, 3, 3, 3, 0, 0] [2, 2, 2, 2, 2, 2, 0, 0, 0, 0] [3, 3, 3, 3, 3, 3, 3, 3, 0, 0] [3, 3, 3, 3, 3, 3, 0, 0, 0, 0] [2, 2, 2, 2, 2, 2, 0, 0, 0, 0] [1, 1, 1, 1, 1, 0, 0, 0, 0, 0] [2, 2, 2, 2, 2, 2, 0, 0, 0, 0] [3, 3, 3, 3, 3, 3, 0, 0, 0, 0] [3, 3, 3, 3, 3, 3, 3, 0, 0, 0] [2, 2, 2, 2, 2, 0, 0, 0, 0, 0] [1, 1, 1, 1, 1, 1, 0, 0, 0, 0] [1, 1, 1, 1, 1, 1, 1, 1, 0, 0] [3, 3, 3, 3, 3, 3, 0, 0, 0, 0] [3, 3, 3, 3, 3, 3, 0, 0, 0, 0] [3, 3, 3, 3, 3, 0, 0, 0, 0, 0] [3, 3, 3, 3, 3, 3, 0, 0, 0, 0] [2, 2, 2, 2, 2, 2, 2, 0, 0, 0] [2, 2, 2, 2, 2, 2, 0, 0, 0, 0] [1, 1, 1, 1, 1, 1, 1, 0, 0, 0] [3, 3, 3, 3, 3, 3, 3, 0, 0, 0] [2, 2, 2, 2, 2, 2, 2, 0, 0, 0] [2, 2, 2, 2, 2, 2, 2, 0, 0, 0] [1, 1, 1, 1, 1, 1, 1, 0, 0, 0] [3, 3, 3, 3, 3, 3, 0, 0, 0, 0] [2, 2, 2, 2, 2, 2, 2, 0, 0, 0] [1, 1, 1, 1, 1, 1, 1, 1, 0, 0] [3, 3, 3, 3, 3, 3, 3, 0, 0, 0] [3, 3, 3, 3, 3, 3, 0, 0, 0, 0] [3, 3, 3, 3, 3, 3, 2, 0, 0, 0]
