Stem_Pathlength_(um) basic 378.0 308.0 308.0 308.0 336.0 336.0 336.0 339.0 434.0 434.0 401.0 440.0 440.0 440.0 356.0 402.0 318.0 297.0 413.0 413.0 413.0 339.999999999 340.0 340.0 440.0 440.0 440.000000001 260.0 260.0 260.0 433.0 433.0 260.0 260.0 346.0 346.0 370.0 411.0 413.0 413.0 413.0 366.0 366.0 366.0 364.0 364.0 364.0 424.0 424.0 432.0 432.000000001 432.0 309.0 309.0 309.0 383.0 383.0 294.0 294.0 294.0 252.0 252.0 345.0 345.0 289.0 289.0 288.999999999 316.0 316.0 316.0 389.0 330.0 330.0 335.0 371.999999999 327.0 327.0 363.0 368.000000001 368.0 349.0 349.0 363.0 363.000000001 363.0 344.0 344.0 344.0 260.0 355.0 355.0 355.0 264.0 239.0 239.0 353.0 393.0 295.0 295.0 294.999999999 298.0 298.0 298.0
IBF_pathlength_GCL_(um) basic 
IBF_pathlength_IML_(um) basic 
IBF_pathlength_MML_(um) basic 
IBF_pathlength_OML_(um) basic 
Terminal_Pathlength_GCL_(um) basic 378.0 308.0 308.0 308.0 336.0 336.0 336.0 339.0 434.0 434.0 440.0 440.0 440.0 356.0 402.0 318.0 297.0 413.0 413.0 413.0 340.0 340.0 339.999999999 440.000000001 440.0 440.0 260.0 260.0 260.0 433.0 433.0 260.0 260.0 346.0 346.0 370.0 411.0 413.0 413.0 413.0 366.0 366.0 366.0 364.0 364.0 364.0 424.0 424.0 432.0 432.000000001 432.0 309.0 309.0 309.0 383.0 383.0 294.0 294.0 294.0 252.0 252.0 345.0 345.0 288.999999999 289.0 289.0 316.0 316.0 316.0 389.0 330.0 330.0 335.0 371.999999999 327.0 327.0 363.0 368.0 368.000000001 349.0 349.0 363.0 363.000000001 363.0 344.0 344.0 344.0 260.0 355.0 355.0 355.0 264.0 239.0 239.0 353.0 393.0 294.999999999 295.0 295.0 298.0 298.0 298.0
Terminal_Pathlength_IML_(um) basic 
Terminal_pathlength_MML_(um) basic 
Terminal_pathlength_OML_(um) basic 22.0000000003 23.0000000004
All_Pathlength_(um) basic 378.0 308.0 308.0 308.0 336.0 336.0 336.0 339.0 434.0 434.0 23.0000000004 22.0000000003 401.0 440.0 440.0 440.0 356.0 402.0 318.0 297.0 413.0 413.0 413.0 339.999999999 340.0 340.0 440.0 440.0 440.000000001 260.0 260.0 260.0 433.0 433.0 260.0 260.0 346.0 346.0 370.0 411.0 413.0 413.0 413.0 366.0 366.0 366.0 364.0 364.0 364.0 424.0 424.0 432.0 432.000000001 432.0 309.0 309.0 309.0 383.0 383.0 294.0 294.0 294.0 252.0 252.0 345.0 345.0 289.0 289.0 288.999999999 316.0 316.0 316.0 389.0 330.0 330.0 335.0 371.999999999 327.0 327.0 363.0 368.000000001 368.0 349.0 349.0 363.0 363.000000001 363.0 344.0 344.0 344.0 260.0 355.0 355.0 355.0 264.0 239.0 239.0 353.0 393.0 295.0 295.0 294.999999999 298.0 298.0 298.0
Bifurcation_Amplitude_Remote(deg) basic 
Elevation_Remote(deg) basic 
Azimuth_Remote(deg) basic 
Orientation_Remote(deg) basic 
Bifurcation_Amplitude_Local(deg) basic 
Elevation_Local(deg) basic 
Azimuth_Local(deg) basic 
Orientation_Local(deg) basic 
x_coordinate conditional 
z_coordinate conditional 
Total_Dendritic_Length_(um) emergent 378.0 924.0 1008.0 339.0 868.0 446.000000001 1320.0 356.0 402.0 318.0 297.0 1239.0 1020.0 1320.0 780.0 866.0 519.999999999 692.0 370.0 411.0 1239.0 1098.0 1092.0 848.0 1296.0 927.0 766.0 882.0 503.999999999 690.0 866.999999999 947.999999999 389.0 660.0 335.0 371.999999999 654.0 363.0 736.0 697.999999999 1089.0 1032.0 260.0 1065.0 264.0 478.0 353.0 393.0 885.0 894.0
Branch_Order emergent 0 0 0 0 0 0 0 0 0 0 1 1 0 0 0 0 0 0 0 0 0 0 0 0 0 0 0 0 0 0 0 0 0 0 0 0 0 0 0 0 0 0 0 0 0 0 0 0 0 0 0 0 0 0 0 0 0 0 0 0 0 0 0 0 0 0 0 0 0 0 0 0 0 0 0 0 0 0 0 0 0 0 0 0 0 0 0 0 0 0 0 0 0 0 0 0 0 0 0 0 0 0 0 0 0
Number_of_Bifurcations emergent 0 0 0 0 0 1 0 0 0 0 0 0 0 0 0 0 0 0 0 0 0 0 0 0 0 0 0 0 0 0 0 0 0 0 0 0 0 0 0 0 0 0 0 0 0 0 0 0 0 0
Major_axis_(um) emergent 0 164.785078195 236.644816657 0 333.22122275 15.1858180094 298.094188057 0 0 0 0 275.69333806 238.96901369 300.141332037 180.940686362 331.27653262 199.733507505 247.732040702 0 0 283.580953855 244.216683436 230.10119936 325.199966733 281.151693291 215.165991815 295.334270662 196.163271266 193.225975196 270.197071155 190.029899814 222.818998079 0 247.114473955 0 0 234.04784431 0 281.977268916 262.597989322 233.701736518 239.403729796 0 246.13079007 0 182.885317544 0 0 205.184868156 195.896500489
Minor_axis_(um) emergent 0 132.93243572 190.372271048 0 2.83477104479 0.129046728712 247.117309198 0 0 0 0 233.981237933 199.692762364 253.536122261 153.470602916 1.8146232507 0.58927039796 0.911437911652 0 0 238.683887973 204.71684731 196.626612813 1.84918361657 240.29047502 177.40574777 0.286739446997 161.542934184 1.11010568096 1.7667675565 162.757570624 183.249142726 0 2.01836838014 0 0 1.7233593347 0 0.384356689551 0.19136984814 197.787637209 201.653373982 0 203.802168235 0 1.13616175962 0 0 169.159945481 166.508823011
sholl_bins emergent 50 100 150 200 250 300 350 400 450 500
sholl_counts emergent [1, 1, 1, 1, 1, 1, 1, 0, 0, 0] [3, 3, 3, 3, 3, 0, 0, 0, 0, 0] [3, 3, 3, 3, 3, 3, 0, 0, 0, 0] [1, 1, 1, 1, 1, 1, 0, 0, 0, 0] [2, 2, 2, 2, 2, 2, 2, 2, 0, 0] [1, 1, 1, 1, 1, 1, 1, 1, 0, 0] [3, 3, 3, 3, 3, 3, 3, 3, 0, 0] [1, 1, 1, 1, 1, 1, 1, 0, 0, 0] [1, 1, 1, 1, 1, 1, 1, 1, 0, 0] [1, 1, 1, 1, 1, 1, 0, 0, 0, 0] [1, 1, 1, 1, 1, 0, 0, 0, 0, 0] [3, 3, 3, 3, 3, 3, 3, 3, 0, 0] [3, 3, 3, 3, 3, 3, 0, 0, 0, 0] [3, 3, 3, 3, 3, 3, 3, 3, 0, 0] [3, 3, 3, 3, 3, 0, 0, 0, 0, 0] [2, 2, 2, 2, 2, 2, 2, 2, 0, 0] [2, 2, 2, 2, 2, 0, 0, 0, 0, 0] [2, 2, 2, 2, 2, 2, 0, 0, 0, 0] [1, 1, 1, 1, 1, 1, 1, 0, 0, 0] [1, 1, 1, 1, 1, 1, 1, 1, 0, 0] [3, 3, 3, 3, 3, 3, 3, 3, 0, 0] [3, 3, 3, 3, 3, 3, 3, 0, 0, 0] [3, 3, 3, 3, 3, 3, 3, 0, 0, 0] [2, 2, 2, 2, 2, 2, 2, 2, 0, 0] [3, 3, 3, 3, 3, 3, 3, 3, 0, 0] [3, 3, 3, 3, 3, 3, 0, 0, 0, 0] [2, 2, 2, 2, 2, 2, 2, 0, 0, 0] [3, 3, 3, 3, 3, 0, 0, 0, 0, 0] [2, 2, 2, 2, 0, 0, 0, 0, 0, 0] [2, 2, 2, 2, 2, 2, 0, 0, 0, 0] [3, 3, 3, 3, 3, 0, 0, 0, 0, 0] [3, 3, 3, 3, 3, 3, 0, 0, 0, 0] [1, 1, 1, 1, 1, 1, 1, 0, 0, 0] [2, 2, 2, 2, 2, 2, 0, 0, 0, 0] [1, 1, 1, 1, 1, 1, 0, 0, 0, 0] [1, 1, 1, 1, 1, 1, 1, 0, 0, 0] [2, 2, 2, 2, 2, 2, 0, 0, 0, 0] [1, 1, 1, 1, 1, 1, 1, 0, 0, 0] [2, 2, 2, 2, 2, 2, 2, 0, 0, 0] [2, 2, 2, 2, 2, 2, 0, 0, 0, 0] [3, 3, 3, 3, 3, 3, 3, 0, 0, 0] [3, 3, 3, 3, 3, 3, 0, 0, 0, 0] [1, 1, 1, 1, 1, 0, 0, 0, 0, 0] [3, 3, 3, 3, 3, 3, 3, 0, 0, 0] [1, 1, 1, 1, 1, 0, 0, 0, 0, 0] [2, 2, 2, 2, 0, 0, 0, 0, 0, 0] [1, 1, 1, 1, 1, 1, 1, 0, 0, 0] [1, 1, 1, 1, 1, 1, 1, 0, 0, 0] [3, 3, 3, 3, 3, 0, 0, 0, 0, 0] [3, 3, 3, 3, 3, 0, 0, 0, 0, 0]
